0.6426712730346393 -0.02145422481578846 0.7658415965809051 0.0580449
-0.7520850631309863 -0.20827170104791326 0.6252926965492792 0.0898676
0.146087961965716 -0.9778356788234731 -0.14998564127456077 0.277769
0.0 0.0 0.0 1.0
====================
0.6426712730346393 -0.02145422481578846 0.7658415965809051 0.0013562099999999998
-0.7520850631309863 -0.20827170104791326 0.6252926965492792 0.10829599999999999
0.146087961965716 -0.9778356788234731 -0.14998564127456077 0.23031300000000002
0.0 0.0 0.0 1.0
====================
0.6426712730346393 -0.02145422481578846 0.7658415965809051 -0.0948733
-0.7520850631309863 -0.20827170104791326 0.6252926965492792 0.131855
0.146087961965716 -0.9778356788234731 -0.14998564127456077 0.236087
0.0 0.0 0.0 1.0
====================
0.6426712730346393 -0.02145422481578846 0.7658415965809051 -0.136791
-0.7520850631309863 -0.20827170104791326 0.6252926965492792 0.154565
0.146087961965716 -0.9778356788234731 -0.14998564127456077 0.23198899999999997
0.0 0.0 0.0 1.0
====================
0.6426712730346393 -0.02145422481578846 0.7658415965809051 -0.12679500000000002
-0.7520850631309863 -0.20827170104791326 0.6252926965492792 0.141105
0.146087961965716 -0.9778356788234731 -0.14998564127456077 0.175001
0.0 0.0 0.0 1.0
====================
0.6426712730346393 -0.02145422481578846 0.7658415965809051 -0.0610408
-0.7520850631309863 -0.20827170104791326 0.6252926965492792 0.130876
0.146087961965716 -0.9778356788234731 -0.14998564127456077 0.170123
0.0 0.0 0.0 1.0
====================
0.6426712730346393 -0.02145422481578846 0.7658415965809051 -0.0176329
-0.7520850631309863 -0.20827170104791326 0.6252926965492792 0.127336
0.146087961965716 -0.9778356788234731 -0.14998564127456077 0.176362
0.0 0.0 0.0 1.0
====================
0.6426712730346393 -0.02145422481578846 0.7658415965809051 0.08369579999999999
-0.7520850631309863 -0.20827170104791326 0.6252926965492792 0.111722
0.146087961965716 -0.9778356788234731 -0.14998564127456077 0.168218
0.0 0.0 0.0 1.0
====================
0.6426712730346393 -0.02145422481578846 0.7658415965809051 0.174451
-0.7520850631309863 -0.20827170104791326 0.6252926965492792 0.108267
0.146087961965716 -0.9778356788234731 -0.14998564127456077 0.157371
0.0 0.0 0.0 1.0
====================
0.6426712730346393 -0.02145422481578846 0.7658415965809051 0.097244
-0.7520850631309863 -0.20827170104791326 0.6252926965492792 0.12160399999999999
0.146087961965716 -0.9778356788234731 -0.14998564127456077 0.0952514
0.0 0.0 0.0 1.0
====================
0.6426712730346393 -0.02145422481578846 0.7658415965809051 -0.00695982
-0.7520850631309863 -0.20827170104791326 0.6252926965492792 0.131939
0.146087961965716 -0.9778356788234731 -0.14998564127456077 0.10799099999999999
0.0 0.0 0.0 1.0
====================
0.6426712730346393 -0.02145422481578846 0.7658415965809051 -0.09311799999999999
-0.7520850631309863 -0.20827170104791326 0.6252926965492792 0.138851
0.146087961965716 -0.9778356788234731 -0.14998564127456077 0.126603
0.0 0.0 0.0 1.0
====================
0.6426712730346393 -0.02145422481578846 0.7658415965809051 -0.18264399999999997
-0.7520850631309863 -0.20827170104791326 0.6252926965492792 0.139638
0.146087961965716 -0.9778356788234731 -0.14998564127456077 0.135633
0.0 0.0 0.0 1.0
====================
0.6426712730346393 -0.02145422481578846 0.7658415965809051 -0.16781500000000002
-0.7520850631309863 -0.20827170104791326 0.6252926965492792 0.09436270000000001
0.146087961965716 -0.9778356788234731 -0.14998564127456077 0.201632
0.0 0.0 0.0 1.0
====================
0.6426712730346393 -0.02145422481578846 0.7658415965809051 -0.0797311
-0.7520850631309863 -0.20827170104791326 0.6252926965492792 0.07148990000000001
0.146087961965716 -0.9778356788234731 -0.14998564127456077 0.226765
0.0 0.0 0.0 1.0
====================
0.6426712730346393 -0.02145422481578846 0.7658415965809051 -0.00381148
-0.7520850631309863 -0.20827170104791326 0.6252926965492792 0.0551086
0.146087961965716 -0.9778356788234731 -0.14998564127456077 0.23322900000000002
0.0 0.0 0.0 1.0
====================
0.6426712730346393 -0.02145422481578846 0.7658415965809051 0.059618599999999994
-0.7520850631309863 -0.20827170104791326 0.6252926965492792 0.0445021
0.146087961965716 -0.9778356788234731 -0.14998564127456077 0.216654
0.0 0.0 0.0 1.0
====================
0.6426712730346393 -0.02145422481578846 0.7658415965809051 0.00496953
-0.7520850631309863 -0.20827170104791326 0.6252926965492792 0.0214174
0.146087961965716 -0.9778356788234731 -0.14998564127456077 0.22618300000000002
0.0 0.0 0.0 1.0
====================
0.6426712730346393 -0.02145422481578846 0.7658415965809051 0.0295354
-0.7520850631309863 -0.20827170104791326 0.6252926965492792 0.109243
0.146087961965716 -0.9778356788234731 -0.14998564127456077 0.208833
0.0 0.0 0.0 1.0
====================
0.6426712730346393 -0.02145422481578846 0.7658415965809051 0.0019812
-0.7520850631309863 -0.20827170104791326 0.6252926965492792 0.207882
0.146087961965716 -0.9778356788234731 -0.14998564127456077 0.174146
0.0 0.0 0.0 1.0
====================
0.6426712730346393 -0.02145422481578846 0.7658415965809051 -0.00836244
-0.7520850631309863 -0.20827170104791326 0.6252926965492792 0.25322
0.146087961965716 -0.9778356788234731 -0.14998564127456077 0.18156099999999997
0.0 0.0 0.0 1.0
====================
0.6426712730346393 -0.02145422481578846 0.7658415965809051 -0.0825916
-0.7520850631309863 -0.20827170104791326 0.6252926965492792 0.319396
0.146087961965716 -0.9778356788234731 -0.14998564127456077 0.174676
0.0 0.0 0.0 1.0
====================
0.6426712730346393 -0.02145422481578846 0.7658415965809051 -0.156061
-0.7520850631309863 -0.20827170104791326 0.6252926965492792 0.357119
0.146087961965716 -0.9778356788234731 -0.14998564127456077 0.169786
0.0 0.0 0.0 1.0
====================
0.6426712730346393 -0.02145422481578846 0.7658415965809051 -0.145123
-0.7520850631309863 -0.20827170104791326 0.6252926965492792 0.31105
0.146087961965716 -0.9778356788234731 -0.14998564127456077 0.0935276
0.0 0.0 0.0 1.0
====================
0.6426712730346393 -0.02145422481578846 0.7658415965809051 -0.13252
-0.7520850631309863 -0.20827170104791326 0.6252926965492792 0.307247
0.146087961965716 -0.9778356788234731 -0.14998564127456077 0.0923536
0.0 0.0 0.0 1.0
====================
0.6426712730346393 -0.02145422481578846 0.7658415965809051 -0.0169862
-0.7520850631309863 -0.20827170104791326 0.6252926965492792 0.270182
0.146087961965716 -0.9778356788234731 -0.14998564127456077 0.09473140000000001
0.0 0.0 0.0 1.0
====================
0.6426712730346393 -0.02145422481578846 0.7658415965809051 0.033734600000000003
-0.7520850631309863 -0.20827170104791326 0.6252926965492792 0.208982
0.146087961965716 -0.9778356788234731 -0.14998564127456077 0.0872082
0.0 0.0 0.0 1.0
====================
0.6426712730346393 -0.02145422481578846 0.7658415965809051 0.09449429999999999
-0.7520850631309863 -0.20827170104791326 0.6252926965492792 0.153095
0.146087961965716 -0.9778356788234731 -0.14998564127456077 0.09180630000000001
0.0 0.0 0.0 1.0
====================
0.6426712730346393 -0.02145422481578846 0.7658415965809051 0.0689491
-0.7520850631309863 -0.20827170104791326 0.6252926965492792 0.09616390000000001
0.146087961965716 -0.9778356788234731 -0.14998564127456077 0.16721699999999998
0.0 0.0 0.0 1.0
====================
0.6426712730346393 -0.02145422481578846 0.7658415965809051 -0.0218341
-0.7520850631309863 -0.20827170104791326 0.6252926965492792 0.111401
0.146087961965716 -0.9778356788234731 -0.14998564127456077 0.21681999999999998
0.0 0.0 0.0 1.0
====================
